$ 1 0.000005 6.450009306485578 50 5 43
a 16 128 128 128 9 5 0 1000000 -0.01127922550889832 -0.02206532705980931 100000
w 16 144 16 208 0
w 16 208 64 208 0
r 64 208 128 208 0 33000
w 128 208 192 208 0
w 16 208 16 256 0
r 16 256 16 400 0 1000
v -64 400 -64 112 0 1 100 0.1 0 0 0.159154943092
w 128 128 144 64 0
a 400 128 496 128 9 5 0 1000000 -0.04835861686323701 0.8898443924109305 100000
w 384 400 384 352 0
w 368 176 384 224 0
v 384 352 384 224 0 0 40 0.9 0 0 0.5
v 528 400 528 256 0 0 40 5 0 0 0.5
r 560 128 528 256 0 1000
w 384 400 528 400 0
r 144 64 192 128 0 200
w 16 400 -64 400 0
R -64 112 -16 256 0 6 40 0.1 0 0 0.5
w 16 400 192 400 0
w 192 128 256 144 0
w 384 400 336 400 0
w 336 400 256 400 0
w 256 400 192 400 0
r 288 144 400 144 0 1000
w 496 128 560 128 0
w 400 112 400 80 0
w 496 128 496 80 0
r 400 80 496 80 0 10000
w 368 176 400 112 0
w 288 144 256 144 0
c 192 208 192 400 0 0.000001 -0.0382030092741676
w -80 64 0 80 0
w 192 208 192 128 0
r -64 112 16 112 0 200
o 7 64 0 4098 0.3125 0.1 0 2 7 3
o 8 64 0 4098 10 0.1 1 2 8 3
o 30 32 0 4098 5 0.1 2 2 30 3
o 25 64 0 4098 10 0.1 3 2 25 3
