$ 1 0.000005 12.050203812241895 50 5 43
a 192 128 304 128 9 5 0 1000000 0.030953473921983842 0.030963998103117316 100000
w 192 144 192 208 0
r 192 208 304 208 0 33000
r 192 208 192 400 0 1000
v -64 400 -64 240 0 1 100 0.1 0 0 0.159154943092
w 304 128 304 208 0
a 752 112 848 112 9 5 0 1000000 0.4774072147200871 1.6275635653230454 100000
r 336 128 448 128 0 460
w 192 400 336 400 0
w 448 128 560 128 0
w 560 400 448 400 0
w 336 400 448 400 0
r 640 128 752 128 0 1000
w 848 112 912 112 0
w 752 96 752 64 0
w 848 112 848 64 0
r 752 64 848 64 0 10000
c 448 128 448 400 0 0.000001 0.4774072147200871
r -32 96 48 96 0 200
v -64 240 -64 96 0 1 1000 0.01 0 0 0.159154943092
w -64 400 -32 400 0
w 192 400 -32 400 0
p 336 128 336 400 1 0
p 560 128 560 400 1 0
p 912 160 912 352 1 0
a 48 112 160 112 9 5 0 1000000 0.030963998103117316 0.030964307743098347 100000
w 160 112 160 160 0
w 160 160 48 160 0
w 160 112 192 112 0
p -32 96 -32 400 1 0
w -64 96 -32 96 0
w 48 160 48 128 0
w 304 128 336 128 0
w 560 128 640 128 0
v -144 400 -144 96 0 0 40 5 0 0 0.5
w -144 400 -64 400 0
w -144 96 -144 32 0
r 608 112 608 208 0 10000
r 608 208 608 304 0 2700
r 608 304 608 400 0 2700
w 560 400 608 400 0
w 608 400 912 400 0
w 608 112 608 32 0
w -144 32 608 32 0
w 912 32 912 112 0
w 608 304 736 304 0
w 736 304 736 96 0
r 608 32 912 32 0 1000
w 736 96 752 96 0
w 912 112 912 160 0
w 912 400 912 352 0
o 29 32 0 4098 0.15625 0.1 0 1
o 22 32 0 4098 5 0.1 1 1
o 23 32 0 4098 5 0.1 2 1
o 24 32 0 4098 10 0.1 3 1
