$ 1 0.000005 10.20027730826997 50 5 43
a 128 128 240 128 9 5 0 1000000 -0.000003990035492508724 -0.4389078942114521 100000
w 16 400 128 400 0
w 16 112 128 112 0
w 128 144 128 208 0
w 128 208 176 208 0
r 176 208 240 208 0 10000
w 240 208 288 208 0
w 128 208 128 256 0
r 128 256 128 352 0 1000
w 128 352 128 400 0
v 16 400 16 112 0 1 100 0.5 0 0 0.159154943092
w 240 128 288 128 0
w 288 208 288 128 0
a 384 128 480 128 9 5 0 1000000 0.9 -0.000043890390417595966 100000
w 288 128 288 112 0
w 288 112 384 112 0
w 128 400 384 400 0
w 384 400 384 352 0
w 384 144 384 224 0
v 384 352 384 224 0 0 40 0.9 0 0 0.5
v 336 352 336 224 0 0 40 5 0 0 0.5
w 336 352 336 400 0
w 336 224 336 16 0
w 336 16 528 16 0
w 480 128 528 128 0
r 528 16 528 128 0 1000
w 528 128 528 256 0
w 384 400 528 400 0
w 528 400 528 304 0
o 10 64 0 4099 2.5 0.00009765625 0 2 10 3
o 11 64 0 4099 10 0.003125 1 2 11 3
o 26 64 0 4099 20 0.00009765625 2 2 26 3
