$ 1 0.000005 12.050203812241895 50 5 43
a 160 128 272 128 9 5 0 1000000 0.10863581966332513 0.10864776960348808 100000
w 160 144 160 208 0
r 160 208 272 208 0 10000
r 160 208 160 400 0 1000
v -64 400 -64 240 0 1 100 0.1 0 0 0.159154943092
w 272 128 272 208 0
a 544 128 640 128 9 5 0 1000000 1.0022363456610928 0.9 100000
w 528 400 528 352 0
w 512 176 528 224 0
v 528 352 528 224 0 0 40 0.9 0 0 0.5
v 672 400 672 256 0 0 40 5 0 0 0.5
r 704 128 672 256 0 1000
w 528 400 672 400 0
r 272 128 336 128 0 460
w 160 400 336 400 0
w 336 128 400 144 0
w 528 400 480 400 0
w 480 400 400 400 0
w 400 400 336 400 0
r 432 144 544 144 0 1000
w 640 128 704 128 0
w 544 112 544 80 0
w 640 128 640 80 0
r 544 80 640 80 0 10000
w 512 176 544 112 0
w 432 144 400 144 0
c 336 128 336 400 0 8.199999999999999e-7 1.0022363456610928
r -64 96 16 96 0 200
v -64 240 -64 96 0 1 1000 0.01 0 0 0.159154943092
w -64 400 -32 400 0
w 160 400 -32 400 0
p 272 128 160 400 1 0
p 400 144 528 400 1 0
p 640 128 528 400 1 0
a 16 112 128 112 9 5 0 1000000 0.10864776960348808 0.10864885608118412 100000
w 128 112 128 160 0
w 128 160 16 160 0
w 16 160 16 128 0
w 128 112 160 112 0
w -64 96 32 304 0
p 32 304 160 400 1 0
o 40 32 0 4098 0.15625 0.1 0 1
o 31 32 0 4098 5 0.1 1 1
o 32 32 0 4098 2.5 0.1 2 1
o 33 32 0 4098 10 0.1 3 1
